-0.000144775 0.00257727 96.2319 0
-0.00520052 -0.00449194 -88.3 0
-0.00358613 -0.00639224 139.92 0
0.00078567 0.00457397 47.9528 0
-0.0141932 -0.149514 -151.762 0
-0.0373918 0.134991 1.31291 0
0.0583411 0.165025 58.2608 0
0.0096726 -0.288572 -7.87857 0
-0.024111 0.21662 -4.85712 0
0.00240274 0.0101196 -174.832 0
0.000169441 -0.194698 170.32 0
-0.10875 0.0871576 -81.4107 0
0.0670178 0.0015182 149.678 0
-0.00927443 -0.0782821 -283.507 0
0.0569154 0.0961489 118.824 0
-0.0803209 0.0902611 -88.656 0
-0.318176 0.381477 -247.072 0
0.0291557 0.0463817 51.0385 0
0.129863 0.0390598 126.62 0
-0.0371979 -0.100252 -14.5889 0
-0.0235372 0.0336662 -64.6556 0
-0.110131 -0.130013 39.849 0
0.0878079 -0.0254002 -327.253 0
-0.0319688 -0.132334 85.7283 0
-0.0116514 0.0982662 -50.5795 0
0.0130228 0.0331719 -0.115982 0
-0.0259701 -0.131918 -73.4143 0
-0.00175 0.00027582 61.8696 0
0.203314 -0.0138633 -42.741 0
-0.229469 0.0195469 16.639 0
-1.60714e-05 0.000342105 0.0795517 0
0.227475 -0.0299788 -25.3342 0
-0.000195618 0.000563075 -2.68481 0
0.00178426 -0.121335 54.0964 0
0.0124105 0.118054 -226.314 0
0.045851 0.140464 95.9896 0
0.230684 -0.115596 0.460403 0
0.000194018 0.000746701 0 0
0.286747 -0.0445697 -187.728 0
-0.0132039 -0.141993 51.814 0
