0.36617183685302734 0.14074315130710602 0.5984356999397278 0.023868756368756294 0.10429829359054565 -0.004058297257870436 0.03284018114209175 /home/altair/interbotix_ws/src/depth_perception/states/state_0.jpg False
0.34712550044059753 0.12821286916732788 0.5999999046325684 -0.01388355903327465 0.09155867248773575 -0.016916602849960327 5.925091146885553e-13 /home/altair/interbotix_ws/src/depth_perception/states/state_0.jpg True
0.34712550044059753 0.12821286916732788 0.5999999046325684 -0.01388355903327465 0.09155867248773575 -0.016916602849960327 5.925091146885553e-13 /home/altair/interbotix_ws/src/depth_perception/states/state_0.jpg True
0.30805620551109314 -0.041378896683454514 0.800000011920929 0.043788980692625046 0.018529299646615982 0.6004514098167419 0.0 /home/altair/interbotix_ws/src/depth_perception/states/state_0.jpg True
0.30085504055023193 0.039417851716279984 0.6049022674560547 -0.06168973818421364 -0.005506480112671852 0.30037999153137207 0.0 /home/altair/interbotix_ws/src/depth_perception/states/state_0.jpg True
0.30085504055023193 0.039417851716279984 0.6049022674560547 -0.06168973818421364 -0.005506480112671852 0.30037999153137207 0.0 /home/altair/interbotix_ws/src/depth_perception/states/state_0.jpg True
0.3674837648868561 0.16087211668491364 0.5949299931526184 0.03842395544052124 0.12124998867511749 -0.598865807056427 1.0 /home/altair/interbotix_ws/src/depth_perception/states/state_0.jpg True
0.3695213198661804 0.08801352232694626 0.5998023152351379 0.11312688142061234 0.045173343271017075 0.014174632728099823 0.8286855816841125 /home/altair/interbotix_ws/src/depth_perception/states/state_0.jpg True
0.3695213198661804 0.08801352232694626 0.5998023152351379 0.11312688142061234 0.045173343271017075 0.014174632728099823 0.8286855816841125 /home/altair/interbotix_ws/src/depth_perception/states/state_0.jpg True
0.14698654413223267 -0.032914284616708755 0.880437970161438 -0.07600653171539307 -0.11332184076309204 -0.07708219438791275 0.0 /home/altair/interbotix_ws/src/depth_perception/states/state_0.jpg True
0.3329545557498932 0.10994302481412888 0.6000174283981323 -0.018888819962739944 0.06803172826766968 -0.6000000238418579 0.0 /home/altair/interbotix_ws/src/depth_perception/states/state_0.jpg True
0.3329545557498932 0.10994302481412888 0.6000174283981323 -0.018888819962739944 0.06803172826766968 -0.6000000238418579 0.0 /home/altair/interbotix_ws/src/depth_perception/states/state_0.jpg False
0.2159218043088913 0.08952634036540985 0.4836527109146118 -0.018888819962739944 0.06803172826766968 -0.6000000238418579 0.0 /home/altair/interbotix_ws/src/depth_perception/states/state_0.jpg False
0.2159218043088913 0.08952634036540985 0.4836527109146118 -0.018888819962739944 0.06803172826766968 -0.6000000238418579 0.0 /home/altair/interbotix_ws/src/depth_perception/states/state_0.jpg False
0.3329545557498932 0.10994302481412888 0.6000174283981323 -0.018888819962739944 0.06803172826766968 -0.6000000238418579 0.0 /home/altair/interbotix_ws/src/depth_perception/states/state_0.jpg False
0.3148040473461151 0.01396570261567831 1.0 -0.018888819962739944 0.06803172826766968 -0.6000000238418579 0.0 /home/altair/interbotix_ws/src/depth_perception/states/state_0.jpg False
0.3062226474285126 0.07647404819726944 1.198054552078247 -0.018888819962739944 0.06803172826766968 -0.6000000238418579 0.0 /home/altair/interbotix_ws/src/depth_perception/states/state_0.jpg False
0.24406884610652924 0.29915985465049744 0.5504473447799683 -0.018888819962739944 0.06803172826766968 -0.6000000238418579 0.0 /home/altair/interbotix_ws/src/depth_perception/states/state_0.jpg False
0.3329545557498932 0.10994302481412888 0.6000174283981323 -0.018888819962739944 0.06803172826766968 -0.6000000238418579 0.0 /home/altair/interbotix_ws/src/depth_perception/states/state_0.jpg False
0.24406884610652924 0.29915985465049744 0.5504473447799683 -0.018888819962739944 0.06803172826766968 -0.6000000238418579 0.0 /home/altair/interbotix_ws/src/depth_perception/states/state_0.jpg False
0.15366756916046143 -0.03714387118816376 0.9367368221282959 -0.018888819962739944 0.06803172826766968 -0.6000000238418579 0.0 /home/altair/interbotix_ws/src/depth_perception/states/state_0.jpg False
0.09241578727960587 0.2899954319000244 0.41785842180252075 -0.018888819962739944 0.06803172826766968 -0.6000000238418579 0.0 /home/altair/interbotix_ws/src/depth_perception/states/state_0.jpg False
0.3619009256362915 0.14772295951843262 0.5995873212814331 0.005562393926084042 0.10754777491092682 0.12164454162120819 1.0 /home/altair/interbotix_ws/src/depth_perception/states/state_0.jpg False
0.27997538447380066 -0.0681002140045166 0.05265084281563759 0.005562393926084042 0.10754777491092682 0.12164454162120819 1.0 /home/altair/interbotix_ws/src/depth_perception/states/state_0.jpg False
0.3619009256362915 0.14772295951843262 0.5995873212814331 0.005562393926084042 0.10754777491092682 0.12164454162120819 1.0 /home/altair/interbotix_ws/src/depth_perception/states/state_0.jpg True
0.3619009256362915 0.14772295951843262 0.5995873212814331 0.005562393926084042 0.10754777491092682 0.12164454162120819 1.0 /home/altair/interbotix_ws/src/depth_perception/states/state_0.jpg True
0.3619009256362915 0.14772295951843262 0.5995873212814331 0.005562393926084042 0.10754777491092682 0.12164454162120819 1.0 /home/altair/interbotix_ws/src/depth_perception/states/state_0.jpg True
0.3619009256362915 0.14772295951843262 0.5995873212814331 0.005562393926084042 0.10754777491092682 0.12164454162120819 1.0 /home/altair/interbotix_ws/src/depth_perception/states/state_0.jpg True
