0.1 -0.01 0.21 0
0.1 -0.01 0.22 0
0.1 -0.01 0.23 0
0.1 -0.01 0.24 0
0.1 -0.01 0.25 0
0.1 -0.01 0.26 0
0.1 -0.01 0.27 0
0.1 -0.01 0.28 0
0.1 -0.01 0.29 0
0.1 -0.01 0.3 0
0.1 -0.01 0.31 0
0.1 -0.01 0.32 0
0.1 -0.01 0.33 0
0.1 -0.01 0.34 0
0.1 -0.01 0.35 0
0.1 -0.01 0.36 0
0.1 -0.01 0.37 0
0.1 -0.01 0.38 0
0.1 -0.01 0.39 0
0.1 -0.01 0.4 0
0.1 -0.01 0.17 0.2
0.1 -0.01 0.18 0.2
0.1 -0.01 0.19 0.2
0.1 -0.01 0.2 0.2
0.1 -0.01 0.21 0.2
0.1 -0.01 0.22 0.2
0.1 -0.01 0.23 0.2
0.1 -0.01 0.24 0.2
0.1 -0.01 0.25 0.2
0.1 -0.01 0.26 0.2
0.1 -0.01 0.27 0.2
0.1 -0.01 0.28 0.2
0.1 -0.01 0.29 0.2
0.1 -0.01 0.3 0.2
0.1 -0.01 0.31 0.2
0.1 -0.01 0.32 0.2
0.1 -0.01 0.33 0.2
0.1 -0.01 0.34 0.2
0.1 -0.01 0.35 0.2
0.1 -0.01 0.36 0.2
0.1 -0.01 0.37 0.2
0.1 -0.01 0.14 0.4
0.1 -0.01 0.15 0.4
0.1 -0.01 0.16 0.4
0.1 -0.01 0.17 0.4
0.1 -0.01 0.18 0.4
0.1 -0.01 0.19 0.4
0.1 -0.01 0.2 0.4
0.1 -0.01 0.21 0.4
0.1 -0.01 0.22 0.4
0.1 -0.01 0.23 0.4
0.1 -0.01 0.24 0.4
0.1 -0.01 0.25 0.4
0.1 -0.01 0.26 0.4
0.1 -0.01 0.27 0.4
0.1 -0.01 0.28 0.4
0.1 -0.01 0.29 0.4
0.1 -0.01 0.3 0.4
0.1 -0.01 0.31 0.4
0.1 -0.01 0.32 0.4
0.1 -0.01 0.33 0.4
0.1 -0.01 0.34 0.4
0.1 -0.01 0.09 0.6
0.1 -0.01 0.1 0.6
0.1 -0.01 0.11 0.6
0.1 -0.01 0.12 0.6
0.1 -0.01 0.13 0.6
0.1 -0.01 0.14 0.6
0.1 -0.01 0.15 0.6
0.1 -0.01 0.16 0.6
0.1 -0.01 0.17 0.6
0.1 -0.01 0.18 0.6
0.1 -0.01 0.19 0.6
0.1 -0.01 0.2 0.6
0.1 -0.01 0.21 0.6
0.1 -0.01 0.22 0.6
0.1 -0.01 0.23 0.6
0.1 -0.01 0.24 0.6
0.1 -0.01 0.25 0.6
0.1 -0.01 0.26 0.6
0.1 -0.01 0.27 0.6
0.1 -0.01 0.28 0.6
0.1 -0.01 0.29 0.6
0.1 -0.01 0.3 0.6
0.1 -0.01 0.31 0.6
0.1 -0.01 0.32 0.6
0.1 -0.01 0.03 0.8
0.1 -0.01 0.04 0.8
0.1 -0.01 0.05 0.8
0.1 -0.01 0.06 0.8
0.1 -0.01 0.07 0.8
0.1 -0.01 0.08 0.8
0.1 -0.01 0.09 0.8
0.1 -0.01 0.1 0.8
0.1 -0.01 0.11 0.8
0.1 -0.01 0.12 0.8
0.1 -0.01 0.13 0.8
0.1 -0.01 0.14 0.8
0.1 -0.01 0.15 0.8
0.1 -0.01 0.16 0.8
0.1 -0.01 0.17 0.8
0.1 -0.01 0.18 0.8
0.1 -0.01 0.19 0.8
0.1 -0.01 0.2 0.8
0.1 -0.01 0.21 0.8
0.1 -0.01 0.22 0.8
0.1 -0.01 0.23 0.8
0.1 -0.01 0.24 0.8
0.1 -0.01 0.25 0.8
0.1 -0.01 0.26 0.8
0.1 -0.01 0.27 0.8
0.1 -0.01 0.28 0.8
0.1 -0.01 0.01 1.0
0.1 -0.01 0.02 1.0
0.1 -0.01 0.03 1.0
0.1 -0.01 0.04 1.0
0.1 -0.01 0.05 1.0
0.1 -0.01 0.06 1.0
0.1 -0.01 0.07 1.0
0.1 -0.01 0.08 1.0
0.1 -0.01 0.09 1.0
0.1 -0.01 0.1 1.0
0.1 -0.01 0.11 1.0
0.1 -0.01 0.12 1.0
0.1 -0.01 0.13 1.0
0.1 -0.01 0.14 1.0
0.1 -0.01 0.15 1.0
0.1 -0.01 0.16 1.0
0.1 -0.01 0.17 1.0
0.1 -0.01 0.18 1.0
0.1 -0.01 0.19 1.0
0.1 -0.01 0.2 1.0
0.1 -0.01 0.21 1.0
0.1 -0.01 0.22 1.0
0.1 -0.01 0.23 1.0
0.1 -0.01 0.24 1.0
0.1 -0.01 0.25 1.0
0.1 -0.01 0 1.2
0.1 -0.01 0.01 1.2
0.1 -0.01 0.02 1.2
0.1 -0.01 0.03 1.2
0.1 -0.01 0.04 1.2
0.1 -0.01 0.05 1.2
0.1 -0.01 0.06 1.2
0.1 -0.01 0.07 1.2
0.1 -0.01 0.08 1.2
0.1 -0.01 0.09 1.2
0.1 -0.01 0.1 1.2
0.1 -0.01 0.11 1.2
0.1 -0.01 0.12 1.2
0.1 -0.01 0.13 1.2
0.1 -0.01 0.14 1.2
0.1 -0.01 0.15 1.2
0.1 -0.01 0.16 1.2
0.1 -0.01 0.17 1.2
0.1 -0.01 0.18 1.2
0.1 -0.01 0.19 1.2
0.1 -0.01 0.2 1.2
0.1 -0.01 0.21 1.2
0.1 -0.01 0.22 1.2
0.1 -0.01 0.23 1.2
0.1 -0.01 0 1.4
0.1 -0.01 0.01 1.4
0.1 -0.01 0.02 1.4
0.1 -0.01 0.03 1.4
0.1 -0.01 0.04 1.4
0.1 -0.01 0.05 1.4
0.1 -0.01 0.06 1.4
0.1 -0.01 0.07 1.4
0.1 -0.01 0.08 1.4
0.1 -0.01 0.09 1.4
0.1 -0.01 0.1 1.4
0.1 -0.01 0.11 1.4
0.1 -0.01 0.12 1.4
0.1 -0.01 0.13 1.4
0.1 -0.01 0.14 1.4
0.1 -0.01 0.15 1.4
0.1 -0.01 0.16 1.4
0.1 -0.01 0.17 1.4
0.1 -0.01 0.18 1.4
0.1 -0.01 0.19 1.4
0.1 -0.01 0.2 1.4
0.1 -0.01 0 1.6
0.1 -0.01 0.01 1.6
0.1 -0.01 0.02 1.6
0.1 -0.01 0.03 1.6
0.1 -0.01 0.04 1.6
0.1 -0.01 0.05 1.6
0.1 -0.01 0.06 1.6
0.1 -0.01 0.07 1.6
0.1 -0.01 0.08 1.6
0.1 -0.01 0.09 1.6
0.1 -0.01 0.1 1.6
0.1 -0.01 0.11 1.6
0.1 -0.01 0.12 1.6
0.1 -0.01 0.13 1.6
0.1 -0.01 0.14 1.6
0.1 -0.01 0.15 1.6
0.1 -0.01 0.16 1.6
0.1 -0.01 0.17 1.6
0.1 -0.01 0.18 1.6
0.1 0 0.21 0
0.1 0 0.23 0
0.1 0 0.24 0
0.1 0 0.25 0
0.1 0 0.26 0
0.1 0 0.27 0
0.1 0 0.28 0
0.1 0 0.29 0
0.1 0 0.3 0
0.1 0 0.31 0
0.1 0 0.32 0
0.1 0 0.33 0
0.1 0 0.34 0
0.1 0 0.35 0
0.1 0 0.36 0
0.1 0 0.37 0
0.1 0 0.38 0
0.1 0 0.39 0
0.1 0 0.4 0
0.1 0 0.18 0.2
0.1 0 0.19 0.2
0.1 0 0.21 0.2
0.1 0 0.22 0.2
0.1 0 0.23 0.2
0.1 0 0.24 0.2
0.1 0 0.25 0.2
0.1 0 0.26 0.2
0.1 0 0.27 0.2
0.1 0 0.28 0.2
0.1 0 0.29 0.2
0.1 0 0.3 0.2
0.1 0 0.31 0.2
0.1 0 0.32 0.2
0.1 0 0.33 0.2
0.1 0 0.34 0.2
0.1 0 0.35 0.2
0.1 0 0.36 0.2
0.1 0 0.37 0.2
0.1 0 0.14 0.4
0.1 0 0.15 0.4
0.1 0 0.16 0.4
0.1 0 0.17 0.4
0.1 0 0.18 0.4
0.1 0 0.19 0.4
0.1 0 0.2 0.4
0.1 0 0.21 0.4
0.1 0 0.22 0.4
0.1 0 0.23 0.4
0.1 0 0.24 0.4
0.1 0 0.25 0.4
0.1 0 0.26 0.4
0.1 0 0.27 0.4
0.1 0 0.28 0.4
0.1 0 0.29 0.4
0.1 0 0.3 0.4
0.1 0 0.31 0.4
0.1 0 0.32 0.4
0.1 0 0.33 0.4
0.1 0 0.34 0.4
0.1 0 0.09 0.6
0.1 0 0.1 0.6
0.1 0 0.11 0.6
0.1 0 0.12 0.6
0.1 0 0.13 0.6
0.1 0 0.14 0.6
0.1 0 0.15 0.6
0.1 0 0.16 0.6
0.1 0 0.17 0.6
0.1 0 0.18 0.6
0.1 0 0.19 0.6
0.1 0 0.2 0.6
0.1 0 0.21 0.6
0.1 0 0.22 0.6
0.1 0 0.23 0.6
0.1 0 0.24 0.6
0.1 0 0.25 0.6
0.1 0 0.26 0.6
0.1 0 0.27 0.6
0.1 0 0.28 0.6
0.1 0 0.29 0.6
0.1 0 0.3 0.6
0.1 0 0.31 0.6
0.1 0 0.32 0.6
0.1 0 0.04 0.8
0.1 0 0.05 0.8
0.1 0 0.06 0.8
0.1 0 0.07 0.8
0.1 0 0.08 0.8
0.1 0 0.09 0.8
0.1 0 0.1 0.8
0.1 0 0.11 0.8
0.1 0 0.12 0.8
0.1 0 0.13 0.8
0.1 0 0.14 0.8
0.1 0 0.15 0.8
0.1 0 0.16 0.8
0.1 0 0.17 0.8
0.1 0 0.18 0.8
0.1 0 0.19 0.8
0.1 0 0.2 0.8
0.1 0 0.21 0.8
0.1 0 0.22 0.8
0.1 0 0.23 0.8
0.1 0 0.24 0.8
0.1 0 0.25 0.8
0.1 0 0.26 0.8
0.1 0 0.27 0.8
0.1 0 0.28 0.8
0.1 0 0.01 1.0
0.1 0 0.02 1.0
0.1 0 0.03 1.0
0.1 0 0.04 1.0
0.1 0 0.05 1.0
0.1 0 0.06 1.0
0.1 0 0.07 1.0
0.1 0 0.08 1.0
0.1 0 0.09 1.0
0.1 0 0.1 1.0
0.1 0 0.11 1.0
0.1 0 0.12 1.0
0.1 0 0.13 1.0
0.1 0 0.14 1.0
0.1 0 0.15 1.0
0.1 0 0.16 1.0
0.1 0 0.17 1.0
0.1 0 0.18 1.0
0.1 0 0.19 1.0
0.1 0 0.2 1.0
0.1 0 0.21 1.0
0.1 0 0.22 1.0
0.1 0 0.23 1.0
0.1 0 0.24 1.0
0.1 0 0.25 1.0
0.1 0 0 1.2
0.1 0 0.01 1.2
0.1 0 0.02 1.2
0.1 0 0.03 1.2
0.1 0 0.04 1.2
0.1 0 0.05 1.2
0.1 0 0.06 1.2
0.1 0 0.07 1.2
0.1 0 0.08 1.2
0.1 0 0.09 1.2
0.1 0 0.1 1.2
0.1 0 0.11 1.2
0.1 0 0.12 1.2
0.1 0 0.13 1.2
0.1 0 0.14 1.2
0.1 0 0.15 1.2
0.1 0 0.16 1.2
0.1 0 0.17 1.2
0.1 0 0.18 1.2
0.1 0 0.19 1.2
0.1 0 0.2 1.2
0.1 0 0.21 1.2
0.1 0 0.22 1.2
0.1 0 0.23 1.2
0.1 0 0 1.4
0.1 0 0.01 1.4
0.1 0 0.02 1.4
0.1 0 0.03 1.4
0.1 0 0.04 1.4
0.1 0 0.05 1.4
0.1 0 0.06 1.4
0.1 0 0.07 1.4
0.1 0 0.08 1.4
0.1 0 0.09 1.4
0.1 0 0.1 1.4
0.1 0 0.11 1.4
0.1 0 0.12 1.4
0.1 0 0.13 1.4
0.1 0 0.14 1.4
0.1 0 0.15 1.4
0.1 0 0.16 1.4
0.1 0 0.17 1.4
0.1 0 0.18 1.4
0.1 0 0.19 1.4
0.1 0 0.2 1.4
0.1 0 0 1.6
0.1 0 0.01 1.6
0.1 0 0.02 1.6
0.1 0 0.03 1.6
0.1 0 0.04 1.6
0.1 0 0.05 1.6
0.1 0 0.06 1.6
0.1 0 0.07 1.6
0.1 0 0.08 1.6
0.1 0 0.09 1.6
0.1 0 0.1 1.6
0.1 0 0.11 1.6
0.1 0 0.12 1.6
0.1 0 0.13 1.6
0.1 0 0.14 1.6
0.1 0 0.15 1.6
0.1 0 0.16 1.6
0.1 0 0.17 1.6
0.1 0 0.18 1.6
0.1 0.01 0.21 0
0.1 0.01 0.22 0
0.1 0.01 0.23 0
0.1 0.01 0.24 0
0.1 0.01 0.25 0
0.1 0.01 0.26 0
0.1 0.01 0.27 0
0.1 0.01 0.28 0
0.1 0.01 0.29 0
0.1 0.01 0.3 0
0.1 0.01 0.31 0
0.1 0.01 0.32 0
0.1 0.01 0.33 0
0.1 0.01 0.34 0
0.1 0.01 0.35 0
0.1 0.01 0.36 0
0.1 0.01 0.37 0
0.1 0.01 0.38 0
0.1 0.01 0.39 0
0.1 0.01 0.4 0
0.1 0.01 0.17 0.2
0.1 0.01 0.18 0.2
0.1 0.01 0.19 0.2
0.1 0.01 0.2 0.2
0.1 0.01 0.21 0.2
0.1 0.01 0.22 0.2
0.1 0.01 0.23 0.2
0.1 0.01 0.24 0.2
0.1 0.01 0.25 0.2
0.1 0.01 0.26 0.2
0.1 0.01 0.27 0.2
0.1 0.01 0.28 0.2
0.1 0.01 0.29 0.2
0.1 0.01 0.3 0.2
0.1 0.01 0.31 0.2
0.1 0.01 0.32 0.2
0.1 0.01 0.33 0.2
0.1 0.01 0.34 0.2
0.1 0.01 0.35 0.2
0.1 0.01 0.36 0.2
0.1 0.01 0.37 0.2
0.1 0.01 0.14 0.4
0.1 0.01 0.15 0.4
0.1 0.01 0.16 0.4
0.1 0.01 0.17 0.4
0.1 0.01 0.18 0.4
0.1 0.01 0.19 0.4
0.1 0.01 0.2 0.4
0.1 0.01 0.21 0.4
0.1 0.01 0.22 0.4
0.1 0.01 0.23 0.4
0.1 0.01 0.24 0.4
0.1 0.01 0.25 0.4
0.1 0.01 0.26 0.4
0.1 0.01 0.27 0.4
0.1 0.01 0.28 0.4
0.1 0.01 0.29 0.4
0.1 0.01 0.3 0.4
0.1 0.01 0.31 0.4
0.1 0.01 0.32 0.4
0.1 0.01 0.33 0.4
0.1 0.01 0.34 0.4
0.1 0.01 0.09 0.6
0.1 0.01 0.1 0.6
0.1 0.01 0.11 0.6
0.1 0.01 0.12 0.6
0.1 0.01 0.13 0.6
0.1 0.01 0.14 0.6
0.1 0.01 0.15 0.6
0.1 0.01 0.16 0.6
0.1 0.01 0.17 0.6
0.1 0.01 0.18 0.6
0.1 0.01 0.19 0.6
0.1 0.01 0.2 0.6
0.1 0.01 0.21 0.6
0.1 0.01 0.22 0.6
0.1 0.01 0.23 0.6
0.1 0.01 0.24 0.6
0.1 0.01 0.25 0.6
0.1 0.01 0.26 0.6
0.1 0.01 0.27 0.6
0.1 0.01 0.28 0.6
0.1 0.01 0.29 0.6
0.1 0.01 0.3 0.6
0.1 0.01 0.31 0.6
0.1 0.01 0.32 0.6
0.1 0.01 0.03 0.8
0.1 0.01 0.04 0.8
0.1 0.01 0.05 0.8
0.1 0.01 0.06 0.8
0.1 0.01 0.07 0.8
0.1 0.01 0.08 0.8
0.1 0.01 0.09 0.8
0.1 0.01 0.1 0.8
0.1 0.01 0.11 0.8
0.1 0.01 0.12 0.8
0.1 0.01 0.13 0.8
0.1 0.01 0.14 0.8
0.1 0.01 0.15 0.8
0.1 0.01 0.16 0.8
0.1 0.01 0.17 0.8
0.1 0.01 0.18 0.8
0.1 0.01 0.19 0.8
0.1 0.01 0.2 0.8
0.1 0.01 0.21 0.8
0.1 0.01 0.22 0.8
0.1 0.01 0.23 0.8
0.1 0.01 0.24 0.8
0.1 0.01 0.25 0.8
0.1 0.01 0.26 0.8
0.1 0.01 0.27 0.8
0.1 0.01 0.28 0.8
0.1 0.01 0.01 1.0
0.1 0.01 0.02 1.0
0.1 0.01 0.03 1.0
0.1 0.01 0.04 1.0
0.1 0.01 0.05 1.0
0.1 0.01 0.06 1.0
0.1 0.01 0.07 1.0
0.1 0.01 0.08 1.0
0.1 0.01 0.09 1.0
0.1 0.01 0.1 1.0
0.1 0.01 0.11 1.0
0.1 0.01 0.12 1.0
0.1 0.01 0.13 1.0
0.1 0.01 0.14 1.0
0.1 0.01 0.15 1.0
0.1 0.01 0.16 1.0
0.1 0.01 0.17 1.0
0.1 0.01 0.18 1.0
0.1 0.01 0.19 1.0
0.1 0.01 0.2 1.0
0.1 0.01 0.21 1.0
0.1 0.01 0.22 1.0
0.1 0.01 0.23 1.0
0.1 0.01 0.24 1.0
0.1 0.01 0.25 1.0
0.1 0.01 0 1.2
0.1 0.01 0.01 1.2
0.1 0.01 0.02 1.2
0.1 0.01 0.03 1.2
0.1 0.01 0.04 1.2
0.1 0.01 0.05 1.2
0.1 0.01 0.06 1.2
0.1 0.01 0.07 1.2
0.1 0.01 0.08 1.2
0.1 0.01 0.09 1.2
0.1 0.01 0.1 1.2
0.1 0.01 0.11 1.2
0.1 0.01 0.12 1.2
0.1 0.01 0.13 1.2
0.1 0.01 0.14 1.2
0.1 0.01 0.15 1.2
0.1 0.01 0.16 1.2
0.1 0.01 0.17 1.2
0.1 0.01 0.18 1.2
0.1 0.01 0.19 1.2
0.1 0.01 0.2 1.2
0.1 0.01 0.21 1.2
0.1 0.01 0.22 1.2
0.1 0.01 0.23 1.2
0.1 0.01 0 1.4
0.1 0.01 0.01 1.4
0.1 0.01 0.02 1.4
0.1 0.01 0.03 1.4
0.1 0.01 0.04 1.4
0.1 0.01 0.05 1.4
0.1 0.01 0.06 1.4
0.1 0.01 0.07 1.4
0.1 0.01 0.08 1.4
0.1 0.01 0.09 1.4
0.1 0.01 0.1 1.4
0.1 0.01 0.11 1.4
0.1 0.01 0.12 1.4
0.1 0.01 0.13 1.4
0.1 0.01 0.14 1.4
0.1 0.01 0.15 1.4
0.1 0.01 0.16 1.4
0.1 0.01 0.17 1.4
0.1 0.01 0.18 1.4
0.1 0.01 0.19 1.4
0.1 0.01 0.2 1.4
0.1 0.01 0 1.6
0.1 0.01 0.01 1.6
0.1 0.01 0.02 1.6
0.1 0.01 0.03 1.6
0.1 0.01 0.04 1.6
0.1 0.01 0.05 1.6
0.1 0.01 0.06 1.6
0.1 0.01 0.07 1.6
0.1 0.01 0.08 1.6
0.1 0.01 0.09 1.6
0.1 0.01 0.1 1.6
0.1 0.01 0.11 1.6
0.1 0.01 0.12 1.6
0.1 0.01 0.13 1.6
0.1 0.01 0.14 1.6
0.1 0.01 0.15 1.6
0.1 0.01 0.16 1.6
0.1 0.01 0.17 1.6
0.1 0.01 0.18 1.6
0.11 -0.01 0.2 0
0.11 -0.01 0.21 0
0.11 -0.01 0.22 0
0.11 -0.01 0.23 0
0.11 -0.01 0.24 0
0.11 -0.01 0.25 0
0.11 -0.01 0.26 0
0.11 -0.01 0.27 0
0.11 -0.01 0.28 0
0.11 -0.01 0.29 0
0.11 -0.01 0.3 0
0.11 -0.01 0.31 0
0.11 -0.01 0.32 0
0.11 -0.01 0.33 0
0.11 -0.01 0.34 0
0.11 -0.01 0.35 0
0.11 -0.01 0.36 0
0.11 -0.01 0.37 0
0.11 -0.01 0.38 0
0.11 -0.01 0.39 0
0.11 -0.01 0.4 0
0.11 -0.01 0.16 0.2
0.11 -0.01 0.17 0.2
0.11 -0.01 0.18 0.2
0.11 -0.01 0.19 0.2
0.11 -0.01 0.2 0.2
0.11 -0.01 0.21 0.2
0.11 -0.01 0.22 0.2
0.11 -0.01 0.23 0.2
0.11 -0.01 0.24 0.2
0.11 -0.01 0.25 0.2
0.11 -0.01 0.26 0.2
0.11 -0.01 0.27 0.2
0.11 -0.01 0.28 0.2
0.11 -0.01 0.29 0.2
0.11 -0.01 0.3 0.2
0.11 -0.01 0.31 0.2
0.11 -0.01 0.32 0.2
0.11 -0.01 0.33 0.2
0.11 -0.01 0.34 0.2
0.11 -0.01 0.35 0.2
0.11 -0.01 0.36 0.2
0.11 -0.01 0.37 0.2
0.11 -0.01 0.12 0.4
0.11 -0.01 0.13 0.4
0.11 -0.01 0.14 0.4
0.11 -0.01 0.15 0.4
0.11 -0.01 0.16 0.4
0.11 -0.01 0.17 0.4
0.11 -0.01 0.18 0.4
0.11 -0.01 0.19 0.4
0.11 -0.01 0.2 0.4
0.11 -0.01 0.21 0.4
0.11 -0.01 0.22 0.4
0.11 -0.01 0.23 0.4
0.11 -0.01 0.24 0.4
0.11 -0.01 0.25 0.4
0.11 -0.01 0.26 0.4
0.11 -0.01 0.27 0.4
0.11 -0.01 0.28 0.4
0.11 -0.01 0.29 0.4
0.11 -0.01 0.3 0.4
0.11 -0.01 0.31 0.4
0.11 -0.01 0.32 0.4
0.11 -0.01 0.33 0.4
0.11 -0.01 0.34 0.4
0.11 -0.01 0.07 0.6
0.11 -0.01 0.08 0.6
0.11 -0.01 0.09 0.6
0.11 -0.01 0.1 0.6
0.11 -0.01 0.11 0.6
0.11 -0.01 0.12 0.6
0.11 -0.01 0.13 0.6
0.11 -0.01 0.14 0.6
0.11 -0.01 0.15 0.6
0.11 -0.01 0.16 0.6
0.11 -0.01 0.17 0.6
0.11 -0.01 0.18 0.6
0.11 -0.01 0.19 0.6
0.11 -0.01 0.2 0.6
0.11 -0.01 0.21 0.6
0.11 -0.01 0.22 0.6
0.11 -0.01 0.23 0.6
0.11 -0.01 0.24 0.6
0.11 -0.01 0.25 0.6
0.11 -0.01 0.26 0.6
0.11 -0.01 0.27 0.6
0.11 -0.01 0.28 0.6
0.11 -0.01 0.29 0.6
0.11 -0.01 0.3 0.6
0.11 -0.01 0.31 0.6
0.11 -0.01 0.32 0.6
0.11 -0.01 0.03 0.8
0.11 -0.01 0.04 0.8
0.11 -0.01 0.05 0.8
0.11 -0.01 0.06 0.8
0.11 -0.01 0.07 0.8
0.11 -0.01 0.08 0.8
0.11 -0.01 0.09 0.8
0.11 -0.01 0.1 0.8
0.11 -0.01 0.11 0.8
0.11 -0.01 0.12 0.8
0.11 -0.01 0.13 0.8
0.11 -0.01 0.14 0.8
0.11 -0.01 0.15 0.8
0.11 -0.01 0.16 0.8
0.11 -0.01 0.17 0.8
0.11 -0.01 0.18 0.8
0.11 -0.01 0.19 0.8
0.11 -0.01 0.2 0.8
0.11 -0.01 0.21 0.8
0.11 -0.01 0.22 0.8
0.11 -0.01 0.23 0.8
0.11 -0.01 0.24 0.8
0.11 -0.01 0.25 0.8
0.11 -0.01 0.26 0.8
0.11 -0.01 0.27 0.8
0.11 -0.01 0.28 0.8
0.11 -0.01 0.29 0.8
0.11 -0.01 0 1.0
0.11 -0.01 0.01 1.0
0.11 -0.01 0.02 1.0
0.11 -0.01 0.03 1.0
0.11 -0.01 0.04 1.0
0.11 -0.01 0.05 1.0
0.11 -0.01 0.06 1.0
0.11 -0.01 0.07 1.0
0.11 -0.01 0.08 1.0
0.11 -0.01 0.09 1.0
0.11 -0.01 0.1 1.0
0.11 -0.01 0.11 1.0
0.11 -0.01 0.12 1.0
0.11 -0.01 0.13 1.0
0.11 -0.01 0.14 1.0
0.11 -0.01 0.15 1.0
0.11 -0.01 0.16 1.0
0.11 -0.01 0.17 1.0
0.11 -0.01 0.18 1.0
0.11 -0.01 0.19 1.0
0.11 -0.01 0.2 1.0
0.11 -0.01 0.21 1.0
0.11 -0.01 0.22 1.0
0.11 -0.01 0.23 1.0
0.11 -0.01 0.24 1.0
0.11 -0.01 0.25 1.0
0.11 -0.01 0.26 1.0
0.11 -0.01 0 1.2
0.11 -0.01 0.01 1.2
0.11 -0.01 0.02 1.2
0.11 -0.01 0.03 1.2
0.11 -0.01 0.04 1.2
0.11 -0.01 0.05 1.2
0.11 -0.01 0.06 1.2
0.11 -0.01 0.07 1.2
0.11 -0.01 0.08 1.2
0.11 -0.01 0.09 1.2
0.11 -0.01 0.1 1.2
0.11 -0.01 0.11 1.2
0.11 -0.01 0.12 1.2
0.11 -0.01 0.13 1.2
0.11 -0.01 0.14 1.2
0.11 -0.01 0.15 1.2
0.11 -0.01 0.16 1.2
0.11 -0.01 0.17 1.2
0.11 -0.01 0.18 1.2
0.11 -0.01 0.19 1.2
0.11 -0.01 0.2 1.2
0.11 -0.01 0.21 1.2
0.11 -0.01 0.22 1.2
0.11 -0.01 0.23 1.2
0.11 -0.01 0 1.4
0.11 -0.01 0.01 1.4
0.11 -0.01 0.02 1.4
0.11 -0.01 0.03 1.4
0.11 -0.01 0.04 1.4
0.11 -0.01 0.05 1.4
0.11 -0.01 0.06 1.4
0.11 -0.01 0.07 1.4
0.11 -0.01 0.08 1.4
0.11 -0.01 0.09 1.4
0.11 -0.01 0.1 1.4
0.11 -0.01 0.11 1.4
0.11 -0.01 0.12 1.4
0.11 -0.01 0.13 1.4
0.11 -0.01 0.14 1.4
0.11 -0.01 0.15 1.4
0.11 -0.01 0.16 1.4
0.11 -0.01 0.17 1.4
0.11 -0.01 0.18 1.4
0.11 -0.01 0.19 1.4
0.11 -0.01 0.2 1.4
0.11 -0.01 0 1.6
0.11 -0.01 0.01 1.6
0.11 -0.01 0.02 1.6
0.11 -0.01 0.03 1.6
0.11 -0.01 0.04 1.6
0.11 -0.01 0.05 1.6
0.11 -0.01 0.06 1.6
0.11 -0.01 0.07 1.6
0.11 -0.01 0.08 1.6
0.11 -0.01 0.09 1.6
0.11 -0.01 0.1 1.6
0.11 -0.01 0.11 1.6
0.11 -0.01 0.12 1.6
0.11 -0.01 0.13 1.6
0.11 -0.01 0.14 1.6
0.11 -0.01 0.15 1.6
0.11 -0.01 0.16 1.6
0.11 -0.01 0.17 1.6
0.11 -0.01 0.18 1.6
0.11 0 0.2 0
0.11 0 0.21 0
0.11 0 0.22 0
0.11 0 0.23 0
0.11 0 0.24 0
0.11 0 0.25 0
0.11 0 0.26 0
0.11 0 0.27 0
0.11 0 0.28 0
0.11 0 0.29 0
0.11 0 0.3 0
0.11 0 0.31 0
0.11 0 0.32 0
0.11 0 0.33 0
0.11 0 0.34 0
0.11 0 0.35 0
0.11 0 0.36 0
0.11 0 0.37 0
0.11 0 0.38 0
0.11 0 0.39 0
0.11 0 0.4 0
0.11 0 0.17 0.2
0.11 0 0.18 0.2
0.11 0 0.19 0.2
0.11 0 0.2 0.2
0.11 0 0.21 0.2
0.11 0 0.22 0.2
0.11 0 0.23 0.2
0.11 0 0.24 0.2
0.11 0 0.25 0.2
0.11 0 0.26 0.2
0.11 0 0.27 0.2
0.11 0 0.28 0.2
0.11 0 0.29 0.2
0.11 0 0.3 0.2
0.11 0 0.31 0.2
0.11 0 0.32 0.2
0.11 0 0.33 0.2
0.11 0 0.34 0.2
0.11 0 0.35 0.2
0.11 0 0.36 0.2
0.11 0 0.37 0.2
0.11 0 0.12 0.4
0.11 0 0.14 0.4
0.11 0 0.15 0.4
0.11 0 0.16 0.4
0.11 0 0.17 0.4
0.11 0 0.18 0.4
0.11 0 0.19 0.4
0.11 0 0.2 0.4
0.11 0 0.21 0.4
0.11 0 0.22 0.4
0.11 0 0.23 0.4
0.11 0 0.24 0.4
0.11 0 0.25 0.4
0.11 0 0.26 0.4
0.11 0 0.27 0.4
0.11 0 0.28 0.4
0.11 0 0.29 0.4
0.11 0 0.3 0.4
0.11 0 0.31 0.4
0.11 0 0.32 0.4
0.11 0 0.33 0.4
0.11 0 0.34 0.4
0.11 0 0.07 0.6
0.11 0 0.08 0.6
0.11 0 0.09 0.6
0.11 0 0.1 0.6
0.11 0 0.11 0.6
0.11 0 0.12 0.6
0.11 0 0.13 0.6
0.11 0 0.14 0.6
0.11 0 0.15 0.6
0.11 0 0.16 0.6
0.11 0 0.17 0.6
0.11 0 0.18 0.6
0.11 0 0.19 0.6
0.11 0 0.2 0.6
0.11 0 0.21 0.6
0.11 0 0.22 0.6
0.11 0 0.23 0.6
0.11 0 0.24 0.6
0.11 0 0.25 0.6
0.11 0 0.26 0.6
0.11 0 0.27 0.6
0.11 0 0.28 0.6
0.11 0 0.29 0.6
0.11 0 0.3 0.6
0.11 0 0.31 0.6
0.11 0 0.32 0.6
0.11 0 0.03 0.8
0.11 0 0.04 0.8
0.11 0 0.05 0.8
0.11 0 0.06 0.8
0.11 0 0.07 0.8
0.11 0 0.08 0.8
0.11 0 0.09 0.8
0.11 0 0.1 0.8
0.11 0 0.11 0.8
0.11 0 0.12 0.8
0.11 0 0.13 0.8
0.11 0 0.14 0.8
0.11 0 0.15 0.8
0.11 0 0.16 0.8
0.11 0 0.17 0.8
0.11 0 0.18 0.8
0.11 0 0.19 0.8
0.11 0 0.2 0.8
0.11 0 0.21 0.8
0.11 0 0.22 0.8
0.11 0 0.23 0.8
0.11 0 0.24 0.8
0.11 0 0.25 0.8
0.11 0 0.26 0.8
0.11 0 0.27 0.8
0.11 0 0.28 0.8
0.11 0 0.29 0.8
0.11 0 0 1.0
0.11 0 0.01 1.0
0.11 0 0.02 1.0
0.11 0 0.03 1.0
0.11 0 0.04 1.0
0.11 0 0.05 1.0
0.11 0 0.06 1.0
0.11 0 0.07 1.0
0.11 0 0.08 1.0
0.11 0 0.09 1.0
0.11 0 0.1 1.0
0.11 0 0.11 1.0
0.11 0 0.12 1.0
0.11 0 0.13 1.0
0.11 0 0.14 1.0
0.11 0 0.15 1.0
0.11 0 0.16 1.0
0.11 0 0.17 1.0
0.11 0 0.18 1.0
0.11 0 0.19 1.0
0.11 0 0.2 1.0
0.11 0 0.21 1.0
0.11 0 0.22 1.0
0.11 0 0.23 1.0
0.11 0 0.24 1.0
0.11 0 0.25 1.0
0.11 0 0.26 1.0
0.11 0 0 1.2
0.11 0 0.01 1.2
0.11 0 0.02 1.2
0.11 0 0.03 1.2
0.11 0 0.04 1.2
0.11 0 0.05 1.2
0.11 0 0.06 1.2
0.11 0 0.07 1.2
0.11 0 0.08 1.2
0.11 0 0.09 1.2
0.11 0 0.1 1.2
0.11 0 0.11 1.2
0.11 0 0.12 1.2
0.11 0 0.13 1.2
0.11 0 0.14 1.2
0.11 0 0.15 1.2
0.11 0 0.16 1.2
0.11 0 0.17 1.2
0.11 0 0.18 1.2
0.11 0 0.19 1.2
0.11 0 0.2 1.2
0.11 0 0.21 1.2
0.11 0 0.22 1.2
0.11 0 0.23 1.2
0.11 0 0 1.4
0.11 0 0.01 1.4
0.11 0 0.02 1.4
0.11 0 0.03 1.4
0.11 0 0.04 1.4
0.11 0 0.05 1.4
0.11 0 0.06 1.4
0.11 0 0.07 1.4
0.11 0 0.08 1.4
0.11 0 0.09 1.4
0.11 0 0.1 1.4
0.11 0 0.11 1.4
0.11 0 0.12 1.4
0.11 0 0.13 1.4
0.11 0 0.14 1.4
0.11 0 0.15 1.4
0.11 0 0.16 1.4
0.11 0 0.17 1.4
0.11 0 0.18 1.4
0.11 0 0.19 1.4
0.11 0 0.2 1.4
0.11 0 0 1.6
0.11 0 0.01 1.6
0.11 0 0.02 1.6
0.11 0 0.03 1.6
0.11 0 0.04 1.6
0.11 0 0.05 1.6
0.11 0 0.06 1.6
0.11 0 0.07 1.6
0.11 0 0.08 1.6
0.11 0 0.09 1.6
0.11 0 0.1 1.6
0.11 0 0.11 1.6
0.11 0 0.12 1.6
0.11 0 0.13 1.6
0.11 0 0.14 1.6
0.11 0 0.15 1.6
0.11 0 0.16 1.6
0.11 0 0.17 1.6
0.11 0 0.18 1.6
0.11 0.01 0.2 0
0.11 0.01 0.21 0
0.11 0.01 0.22 0
0.11 0.01 0.23 0
0.11 0.01 0.24 0
0.11 0.01 0.25 0
0.11 0.01 0.26 0
0.11 0.01 0.27 0
0.11 0.01 0.28 0
0.11 0.01 0.29 0
0.11 0.01 0.3 0
0.11 0.01 0.31 0
0.11 0.01 0.32 0
0.11 0.01 0.33 0
0.11 0.01 0.34 0
0.11 0.01 0.35 0
0.11 0.01 0.36 0
0.11 0.01 0.37 0
0.11 0.01 0.38 0
0.11 0.01 0.39 0
0.11 0.01 0.4 0
0.11 0.01 0.16 0.2
0.11 0.01 0.17 0.2
0.11 0.01 0.18 0.2
0.11 0.01 0.19 0.2
0.11 0.01 0.2 0.2
0.11 0.01 0.21 0.2
0.11 0.01 0.22 0.2
0.11 0.01 0.23 0.2
0.11 0.01 0.24 0.2
0.11 0.01 0.25 0.2
0.11 0.01 0.26 0.2
0.11 0.01 0.27 0.2
0.11 0.01 0.28 0.2
0.11 0.01 0.29 0.2
0.11 0.01 0.3 0.2
0.11 0.01 0.31 0.2
0.11 0.01 0.32 0.2
0.11 0.01 0.33 0.2
0.11 0.01 0.34 0.2
0.11 0.01 0.35 0.2
0.11 0.01 0.36 0.2
0.11 0.01 0.37 0.2
0.11 0.01 0.12 0.4
0.11 0.01 0.13 0.4
0.11 0.01 0.14 0.4
0.11 0.01 0.15 0.4
0.11 0.01 0.16 0.4
0.11 0.01 0.17 0.4
0.11 0.01 0.18 0.4
0.11 0.01 0.19 0.4
0.11 0.01 0.2 0.4
0.11 0.01 0.21 0.4
0.11 0.01 0.22 0.4
0.11 0.01 0.23 0.4
0.11 0.01 0.24 0.4
0.11 0.01 0.25 0.4
0.11 0.01 0.26 0.4
0.11 0.01 0.27 0.4
0.11 0.01 0.28 0.4
0.11 0.01 0.29 0.4
0.11 0.01 0.3 0.4
0.11 0.01 0.31 0.4
0.11 0.01 0.32 0.4
0.11 0.01 0.33 0.4
0.11 0.01 0.34 0.4
0.11 0.01 0.07 0.6
0.11 0.01 0.08 0.6
0.11 0.01 0.09 0.6
0.11 0.01 0.1 0.6
0.11 0.01 0.11 0.6
0.11 0.01 0.12 0.6
0.11 0.01 0.13 0.6
0.11 0.01 0.14 0.6
0.11 0.01 0.15 0.6
0.11 0.01 0.16 0.6
0.11 0.01 0.17 0.6
0.11 0.01 0.18 0.6
0.11 0.01 0.19 0.6
0.11 0.01 0.2 0.6
0.11 0.01 0.21 0.6
0.11 0.01 0.22 0.6
0.11 0.01 0.23 0.6
0.11 0.01 0.24 0.6
0.11 0.01 0.25 0.6
0.11 0.01 0.26 0.6
0.11 0.01 0.27 0.6
0.11 0.01 0.28 0.6
0.11 0.01 0.29 0.6
0.11 0.01 0.3 0.6
0.11 0.01 0.31 0.6
0.11 0.01 0.32 0.6
0.11 0.01 0.03 0.8
0.11 0.01 0.04 0.8
0.11 0.01 0.05 0.8
0.11 0.01 0.06 0.8
0.11 0.01 0.07 0.8
0.11 0.01 0.08 0.8
0.11 0.01 0.09 0.8
0.11 0.01 0.1 0.8
0.11 0.01 0.11 0.8
0.11 0.01 0.12 0.8
0.11 0.01 0.13 0.8
0.11 0.01 0.14 0.8
0.11 0.01 0.15 0.8
0.11 0.01 0.16 0.8
0.11 0.01 0.17 0.8
0.11 0.01 0.18 0.8
0.11 0.01 0.19 0.8
0.11 0.01 0.2 0.8
0.11 0.01 0.21 0.8
0.11 0.01 0.22 0.8
0.11 0.01 0.23 0.8
0.11 0.01 0.24 0.8
0.11 0.01 0.25 0.8
0.11 0.01 0.26 0.8
0.11 0.01 0.27 0.8
0.11 0.01 0.28 0.8
0.11 0.01 0.29 0.8
0.11 0.01 0 1.0
0.11 0.01 0.01 1.0
0.11 0.01 0.02 1.0
0.11 0.01 0.03 1.0
0.11 0.01 0.04 1.0
0.11 0.01 0.05 1.0
0.11 0.01 0.06 1.0
0.11 0.01 0.07 1.0
0.11 0.01 0.08 1.0
0.11 0.01 0.09 1.0
0.11 0.01 0.1 1.0
0.11 0.01 0.11 1.0
0.11 0.01 0.12 1.0
0.11 0.01 0.13 1.0
0.11 0.01 0.14 1.0
0.11 0.01 0.15 1.0
0.11 0.01 0.16 1.0
0.11 0.01 0.17 1.0
0.11 0.01 0.18 1.0
0.11 0.01 0.19 1.0
0.11 0.01 0.2 1.0
0.11 0.01 0.21 1.0
0.11 0.01 0.22 1.0
0.11 0.01 0.23 1.0
0.11 0.01 0.24 1.0
0.11 0.01 0.25 1.0
0.11 0.01 0.26 1.0
0.11 0.01 0 1.2
0.11 0.01 0.01 1.2
0.11 0.01 0.02 1.2
0.11 0.01 0.03 1.2
0.11 0.01 0.04 1.2
0.11 0.01 0.05 1.2
0.11 0.01 0.06 1.2
0.11 0.01 0.07 1.2
0.11 0.01 0.08 1.2
0.11 0.01 0.09 1.2
0.11 0.01 0.1 1.2
0.11 0.01 0.11 1.2
0.11 0.01 0.12 1.2
0.11 0.01 0.13 1.2
0.11 0.01 0.14 1.2
0.11 0.01 0.15 1.2
0.11 0.01 0.16 1.2
0.11 0.01 0.17 1.2
0.11 0.01 0.18 1.2
0.11 0.01 0.19 1.2
0.11 0.01 0.2 1.2
0.11 0.01 0.21 1.2
0.11 0.01 0.22 1.2
0.11 0.01 0.23 1.2
0.11 0.01 0 1.4
0.11 0.01 0.01 1.4
0.11 0.01 0.02 1.4
0.11 0.01 0.03 1.4
0.11 0.01 0.04 1.4
0.11 0.01 0.05 1.4
0.11 0.01 0.06 1.4
0.11 0.01 0.07 1.4
0.11 0.01 0.08 1.4
0.11 0.01 0.09 1.4
0.11 0.01 0.1 1.4
0.11 0.01 0.11 1.4
0.11 0.01 0.12 1.4
0.11 0.01 0.13 1.4
0.11 0.01 0.14 1.4
0.11 0.01 0.15 1.4
0.11 0.01 0.16 1.4
0.11 0.01 0.17 1.4
0.11 0.01 0.18 1.4
0.11 0.01 0.19 1.4
0.11 0.01 0.2 1.4
0.11 0.01 0 1.6
0.11 0.01 0.01 1.6
0.11 0.01 0.02 1.6
0.11 0.01 0.03 1.6
0.11 0.01 0.04 1.6
0.11 0.01 0.05 1.6
0.11 0.01 0.06 1.6
0.11 0.01 0.07 1.6
0.11 0.01 0.08 1.6
0.11 0.01 0.09 1.6
0.11 0.01 0.1 1.6
0.11 0.01 0.11 1.6
0.11 0.01 0.12 1.6
0.11 0.01 0.13 1.6
0.11 0.01 0.14 1.6
0.11 0.01 0.15 1.6
0.11 0.01 0.16 1.6
0.11 0.01 0.17 1.6
0.11 0.01 0.18 1.6
0.12 -0.01 0.19 0
0.12 -0.01 0.2 0
0.12 -0.01 0.21 0
0.12 -0.01 0.22 0
0.12 -0.01 0.23 0
0.12 -0.01 0.24 0
0.12 -0.01 0.25 0
0.12 -0.01 0.26 0
0.12 -0.01 0.27 0
0.12 -0.01 0.28 0
0.12 -0.01 0.29 0
0.12 -0.01 0.3 0
0.12 -0.01 0.31 0
0.12 -0.01 0.32 0
0.12 -0.01 0.33 0
0.12 -0.01 0.34 0
0.12 -0.01 0.35 0
0.12 -0.01 0.36 0
0.12 -0.01 0.37 0
0.12 -0.01 0.38 0
0.12 -0.01 0.39 0
0.12 -0.01 0.4 0
0.12 -0.01 0.41 0
0.12 -0.01 0.15 0.2
0.12 -0.01 0.16 0.2
0.12 -0.01 0.17 0.2
0.12 -0.01 0.18 0.2
0.12 -0.01 0.19 0.2
0.12 -0.01 0.2 0.2
0.12 -0.01 0.21 0.2
0.12 -0.01 0.22 0.2
0.12 -0.01 0.23 0.2
0.12 -0.01 0.24 0.2
0.12 -0.01 0.25 0.2
0.12 -0.01 0.26 0.2
0.12 -0.01 0.27 0.2
0.12 -0.01 0.28 0.2
0.12 -0.01 0.29 0.2
0.12 -0.01 0.3 0.2
0.12 -0.01 0.31 0.2
0.12 -0.01 0.32 0.2
0.12 -0.01 0.33 0.2
0.12 -0.01 0.34 0.2
0.12 -0.01 0.35 0.2
0.12 -0.01 0.36 0.2
0.12 -0.01 0.37 0.2
0.12 -0.01 0.38 0.2
0.12 -0.01 0.11 0.4
0.12 -0.01 0.12 0.4
0.12 -0.01 0.13 0.4
0.12 -0.01 0.14 0.4
0.12 -0.01 0.15 0.4
0.12 -0.01 0.16 0.4
0.12 -0.01 0.17 0.4
0.12 -0.01 0.18 0.4
0.12 -0.01 0.19 0.4
0.12 -0.01 0.2 0.4
0.12 -0.01 0.21 0.4
0.12 -0.01 0.22 0.4
0.12 -0.01 0.23 0.4
0.12 -0.01 0.24 0.4
0.12 -0.01 0.25 0.4
0.12 -0.01 0.26 0.4
0.12 -0.01 0.27 0.4
0.12 -0.01 0.28 0.4
0.12 -0.01 0.29 0.4
0.12 -0.01 0.3 0.4
0.12 -0.01 0.31 0.4
0.12 -0.01 0.32 0.4
0.12 -0.01 0.33 0.4
0.12 -0.01 0.34 0.4
0.12 -0.01 0.35 0.4
0.12 -0.01 0.06 0.6
0.12 -0.01 0.07 0.6
0.12 -0.01 0.08 0.6
0.12 -0.01 0.09 0.6
0.12 -0.01 0.1 0.6
0.12 -0.01 0.11 0.6
0.12 -0.01 0.12 0.6
0.12 -0.01 0.13 0.6
0.12 -0.01 0.14 0.6
0.12 -0.01 0.15 0.6
0.12 -0.01 0.16 0.6
0.12 -0.01 0.17 0.6
0.12 -0.01 0.18 0.6
0.12 -0.01 0.19 0.6
0.12 -0.01 0.2 0.6
0.12 -0.01 0.21 0.6
0.12 -0.01 0.22 0.6
0.12 -0.01 0.23 0.6
0.12 -0.01 0.24 0.6
0.12 -0.01 0.25 0.6
0.12 -0.01 0.26 0.6
0.12 -0.01 0.27 0.6
0.12 -0.01 0.28 0.6
0.12 -0.01 0.29 0.6
0.12 -0.01 0.3 0.6
0.12 -0.01 0.31 0.6
0.12 -0.01 0.32 0.6
0.12 -0.01 0.03 0.8
0.12 -0.01 0.04 0.8
0.12 -0.01 0.05 0.8
0.12 -0.01 0.06 0.8
0.12 -0.01 0.07 0.8
0.12 -0.01 0.08 0.8
0.12 -0.01 0.09 0.8
0.12 -0.01 0.1 0.8
0.12 -0.01 0.11 0.8
0.12 -0.01 0.12 0.8
0.12 -0.01 0.13 0.8
0.12 -0.01 0.14 0.8
0.12 -0.01 0.15 0.8
0.12 -0.01 0.16 0.8
0.12 -0.01 0.17 0.8
0.12 -0.01 0.18 0.8
0.12 -0.01 0.19 0.8
0.12 -0.01 0.2 0.8
0.12 -0.01 0.21 0.8
0.12 -0.01 0.22 0.8
0.12 -0.01 0.23 0.8
0.12 -0.01 0.24 0.8
0.12 -0.01 0.25 0.8
0.12 -0.01 0.26 0.8
0.12 -0.01 0.27 0.8
0.12 -0.01 0.28 0.8
0.12 -0.01 0.29 0.8
0.12 -0.01 0 1.0
0.12 -0.01 0.01 1.0
0.12 -0.01 0.02 1.0
0.12 -0.01 0.03 1.0
0.12 -0.01 0.04 1.0
0.12 -0.01 0.05 1.0
0.12 -0.01 0.06 1.0
0.12 -0.01 0.07 1.0
0.12 -0.01 0.08 1.0
0.12 -0.01 0.09 1.0
0.12 -0.01 0.1 1.0
0.12 -0.01 0.11 1.0
0.12 -0.01 0.12 1.0
0.12 -0.01 0.13 1.0
0.12 -0.01 0.14 1.0
0.12 -0.01 0.15 1.0
0.12 -0.01 0.16 1.0
0.12 -0.01 0.17 1.0
0.12 -0.01 0.18 1.0
0.12 -0.01 0.19 1.0
0.12 -0.01 0.2 1.0
0.12 -0.01 0.21 1.0
0.12 -0.01 0.22 1.0
0.12 -0.01 0.23 1.0
0.12 -0.01 0.24 1.0
0.12 -0.01 0.25 1.0
0.12 -0.01 0.26 1.0
0.12 -0.01 0 1.2
0.12 -0.01 0.01 1.2
0.12 -0.01 0.02 1.2
0.12 -0.01 0.03 1.2
0.12 -0.01 0.04 1.2
0.12 -0.01 0.05 1.2
0.12 -0.01 0.06 1.2
0.12 -0.01 0.07 1.2
0.12 -0.01 0.08 1.2
0.12 -0.01 0.09 1.2
0.12 -0.01 0.1 1.2
0.12 -0.01 0.11 1.2
0.12 -0.01 0.12 1.2
0.12 -0.01 0.13 1.2
0.12 -0.01 0.14 1.2
0.12 -0.01 0.15 1.2
0.12 -0.01 0.16 1.2
0.12 -0.01 0.17 1.2
0.12 -0.01 0.18 1.2
0.12 -0.01 0.19 1.2
0.12 -0.01 0.2 1.2
0.12 -0.01 0.21 1.2
0.12 -0.01 0.22 1.2
0.12 -0.01 0.23 1.2
0.12 -0.01 0 1.4
0.12 -0.01 0.01 1.4
0.12 -0.01 0.02 1.4
0.12 -0.01 0.03 1.4
0.12 -0.01 0.04 1.4
0.12 -0.01 0.05 1.4
0.12 -0.01 0.06 1.4
0.12 -0.01 0.07 1.4
0.12 -0.01 0.08 1.4
0.12 -0.01 0.09 1.4
0.12 -0.01 0.1 1.4
0.12 -0.01 0.11 1.4
0.12 -0.01 0.12 1.4
0.12 -0.01 0.13 1.4
0.12 -0.01 0.14 1.4
0.12 -0.01 0.15 1.4
0.12 -0.01 0.16 1.4
0.12 -0.01 0.17 1.4
0.12 -0.01 0.18 1.4
0.12 -0.01 0.19 1.4
0.12 -0.01 0.2 1.4
0.12 -0.01 0 1.6
0.12 -0.01 0.01 1.6
0.12 -0.01 0.02 1.6
0.12 -0.01 0.03 1.6
0.12 -0.01 0.04 1.6
0.12 -0.01 0.05 1.6
0.12 -0.01 0.06 1.6
0.12 -0.01 0.07 1.6
0.12 -0.01 0.08 1.6
0.12 -0.01 0.09 1.6
0.12 -0.01 0.1 1.6
0.12 -0.01 0.11 1.6
0.12 -0.01 0.12 1.6
0.12 -0.01 0.13 1.6
0.12 -0.01 0.14 1.6
0.12 -0.01 0.15 1.6
0.12 -0.01 0.16 1.6
0.12 -0.01 0.17 1.6
0.12 -0.01 0.18 1.6
0.12 0 0.19 0
0.12 0 0.2 0
0.12 0 0.21 0
0.12 0 0.22 0
0.12 0 0.23 0
0.12 0 0.24 0
0.12 0 0.25 0
0.12 0 0.26 0
0.12 0 0.27 0
0.12 0 0.28 0
0.12 0 0.29 0
0.12 0 0.3 0
0.12 0 0.31 0
0.12 0 0.32 0
0.12 0 0.33 0
0.12 0 0.34 0
0.12 0 0.35 0
0.12 0 0.36 0
0.12 0 0.37 0
0.12 0 0.38 0
0.12 0 0.39 0
0.12 0 0.4 0
0.12 0 0.41 0
0.12 0 0.15 0.2
0.12 0 0.16 0.2
0.12 0 0.17 0.2
0.12 0 0.18 0.2
0.12 0 0.19 0.2
0.12 0 0.2 0.2
0.12 0 0.21 0.2
0.12 0 0.22 0.2
0.12 0 0.23 0.2
0.12 0 0.24 0.2
0.12 0 0.25 0.2
0.12 0 0.26 0.2
0.12 0 0.27 0.2
0.12 0 0.28 0.2
0.12 0 0.29 0.2
0.12 0 0.3 0.2
0.12 0 0.31 0.2
0.12 0 0.32 0.2
0.12 0 0.33 0.2
0.12 0 0.34 0.2
0.12 0 0.35 0.2
0.12 0 0.36 0.2
0.12 0 0.37 0.2
0.12 0 0.38 0.2
0.12 0 0.11 0.4
0.12 0 0.12 0.4
0.12 0 0.13 0.4
0.12 0 0.14 0.4
0.12 0 0.15 0.4
0.12 0 0.16 0.4
0.12 0 0.17 0.4
0.12 0 0.18 0.4
0.12 0 0.19 0.4
0.12 0 0.2 0.4
0.12 0 0.21 0.4
0.12 0 0.22 0.4
0.12 0 0.23 0.4
0.12 0 0.24 0.4
0.12 0 0.25 0.4
0.12 0 0.26 0.4
0.12 0 0.27 0.4
0.12 0 0.28 0.4
0.12 0 0.29 0.4
0.12 0 0.3 0.4
0.12 0 0.31 0.4
0.12 0 0.32 0.4
0.12 0 0.33 0.4
0.12 0 0.34 0.4
0.12 0 0.35 0.4
0.12 0 0.06 0.6
0.12 0 0.07 0.6
0.12 0 0.08 0.6
0.12 0 0.09 0.6
0.12 0 0.1 0.6
0.12 0 0.11 0.6
0.12 0 0.12 0.6
0.12 0 0.13 0.6
0.12 0 0.14 0.6
0.12 0 0.15 0.6
0.12 0 0.16 0.6
0.12 0 0.17 0.6
0.12 0 0.18 0.6
0.12 0 0.19 0.6
0.12 0 0.2 0.6
0.12 0 0.21 0.6
0.12 0 0.22 0.6
0.12 0 0.23 0.6
0.12 0 0.24 0.6
0.12 0 0.25 0.6
0.12 0 0.26 0.6
0.12 0 0.27 0.6
0.12 0 0.28 0.6
0.12 0 0.29 0.6
0.12 0 0.3 0.6
0.12 0 0.31 0.6
0.12 0 0.32 0.6
0.12 0 0.03 0.8
0.12 0 0.04 0.8
0.12 0 0.05 0.8
0.12 0 0.06 0.8
0.12 0 0.07 0.8
0.12 0 0.08 0.8
0.12 0 0.09 0.8
0.12 0 0.1 0.8
0.12 0 0.11 0.8
0.12 0 0.12 0.8
0.12 0 0.13 0.8
0.12 0 0.14 0.8
0.12 0 0.15 0.8
0.12 0 0.16 0.8
0.12 0 0.17 0.8
0.12 0 0.18 0.8
0.12 0 0.19 0.8
0.12 0 0.2 0.8
0.12 0 0.21 0.8
0.12 0 0.22 0.8
0.12 0 0.23 0.8
0.12 0 0.24 0.8
0.12 0 0.25 0.8
0.12 0 0.26 0.8
0.12 0 0.27 0.8
0.12 0 0.28 0.8
0.12 0 0.29 0.8
0.12 0 0 1.0
0.12 0 0.01 1.0
0.12 0 0.02 1.0
0.12 0 0.03 1.0
0.12 0 0.04 1.0
0.12 0 0.05 1.0
0.12 0 0.06 1.0
0.12 0 0.07 1.0
0.12 0 0.08 1.0
0.12 0 0.09 1.0
0.12 0 0.1 1.0
0.12 0 0.11 1.0
0.12 0 0.12 1.0
0.12 0 0.13 1.0
0.12 0 0.14 1.0
0.12 0 0.15 1.0
0.12 0 0.16 1.0
0.12 0 0.17 1.0
0.12 0 0.18 1.0
0.12 0 0.19 1.0
0.12 0 0.2 1.0
0.12 0 0.21 1.0
0.12 0 0.22 1.0
0.12 0 0.23 1.0
0.12 0 0.24 1.0
0.12 0 0.25 1.0
0.12 0 0.26 1.0
0.12 0 0 1.2
0.12 0 0.01 1.2
0.12 0 0.02 1.2
0.12 0 0.03 1.2
0.12 0 0.04 1.2
0.12 0 0.05 1.2
0.12 0 0.06 1.2
0.12 0 0.07 1.2
0.12 0 0.08 1.2
0.12 0 0.09 1.2
0.12 0 0.1 1.2
0.12 0 0.11 1.2
0.12 0 0.12 1.2
0.12 0 0.13 1.2
0.12 0 0.14 1.2
0.12 0 0.15 1.2
0.12 0 0.16 1.2
0.12 0 0.17 1.2
0.12 0 0.18 1.2
0.12 0 0.19 1.2
0.12 0 0.2 1.2
0.12 0 0.21 1.2
0.12 0 0.22 1.2
0.12 0 0.23 1.2
0.12 0 0 1.4
0.12 0 0.01 1.4
0.12 0 0.02 1.4
0.12 0 0.03 1.4
0.12 0 0.04 1.4
0.12 0 0.05 1.4
0.12 0 0.06 1.4
0.12 0 0.07 1.4
0.12 0 0.08 1.4
0.12 0 0.09 1.4
0.12 0 0.1 1.4
0.12 0 0.11 1.4
0.12 0 0.12 1.4
0.12 0 0.13 1.4
0.12 0 0.14 1.4
0.12 0 0.15 1.4
0.12 0 0.16 1.4
0.12 0 0.17 1.4
0.12 0 0.18 1.4
0.12 0 0.19 1.4
0.12 0 0.2 1.4
0.12 0 0 1.6
0.12 0 0.01 1.6
0.12 0 0.02 1.6
0.12 0 0.03 1.6
0.12 0 0.04 1.6
0.12 0 0.05 1.6
0.12 0 0.06 1.6
0.12 0 0.07 1.6
0.12 0 0.08 1.6
0.12 0 0.09 1.6
0.12 0 0.1 1.6
0.12 0 0.11 1.6
0.12 0 0.12 1.6
0.12 0 0.13 1.6
0.12 0 0.14 1.6
0.12 0 0.15 1.6
0.12 0 0.16 1.6
0.12 0 0.17 1.6
0.12 0 0.18 1.6
0.12 0.01 0.19 0
0.12 0.01 0.2 0
0.12 0.01 0.21 0
0.12 0.01 0.22 0
0.12 0.01 0.23 0
0.12 0.01 0.24 0
0.12 0.01 0.25 0
0.12 0.01 0.26 0
0.12 0.01 0.27 0
0.12 0.01 0.28 0
0.12 0.01 0.29 0
0.12 0.01 0.3 0
0.12 0.01 0.31 0
0.12 0.01 0.32 0
0.12 0.01 0.33 0
0.12 0.01 0.34 0
0.12 0.01 0.35 0
0.12 0.01 0.36 0
0.12 0.01 0.37 0
0.12 0.01 0.38 0
0.12 0.01 0.39 0
0.12 0.01 0.4 0
0.12 0.01 0.41 0
0.12 0.01 0.15 0.2
0.12 0.01 0.16 0.2
0.12 0.01 0.17 0.2
0.12 0.01 0.18 0.2
0.12 0.01 0.19 0.2
0.12 0.01 0.2 0.2
0.12 0.01 0.21 0.2
0.12 0.01 0.22 0.2
0.12 0.01 0.23 0.2
0.12 0.01 0.24 0.2
0.12 0.01 0.25 0.2
0.12 0.01 0.26 0.2
0.12 0.01 0.27 0.2
0.12 0.01 0.28 0.2
0.12 0.01 0.29 0.2
0.12 0.01 0.3 0.2
0.12 0.01 0.31 0.2
0.12 0.01 0.32 0.2
0.12 0.01 0.33 0.2
0.12 0.01 0.34 0.2
0.12 0.01 0.35 0.2
0.12 0.01 0.36 0.2
0.12 0.01 0.37 0.2
0.12 0.01 0.38 0.2
0.12 0.01 0.11 0.4
0.12 0.01 0.12 0.4
0.12 0.01 0.13 0.4
0.12 0.01 0.14 0.4
0.12 0.01 0.15 0.4
0.12 0.01 0.16 0.4
0.12 0.01 0.17 0.4
0.12 0.01 0.18 0.4
0.12 0.01 0.19 0.4
0.12 0.01 0.2 0.4
0.12 0.01 0.21 0.4
0.12 0.01 0.22 0.4
0.12 0.01 0.23 0.4
0.12 0.01 0.24 0.4
0.12 0.01 0.25 0.4
0.12 0.01 0.26 0.4
0.12 0.01 0.27 0.4
0.12 0.01 0.28 0.4
0.12 0.01 0.29 0.4
0.12 0.01 0.3 0.4
0.12 0.01 0.31 0.4
0.12 0.01 0.32 0.4
0.12 0.01 0.33 0.4
0.12 0.01 0.34 0.4
0.12 0.01 0.35 0.4
0.12 0.01 0.06 0.6
0.12 0.01 0.07 0.6
0.12 0.01 0.08 0.6
0.12 0.01 0.09 0.6
0.12 0.01 0.1 0.6
0.12 0.01 0.11 0.6
0.12 0.01 0.12 0.6
0.12 0.01 0.13 0.6
0.12 0.01 0.14 0.6
0.12 0.01 0.15 0.6
0.12 0.01 0.16 0.6
0.12 0.01 0.17 0.6
0.12 0.01 0.18 0.6
0.12 0.01 0.19 0.6
0.12 0.01 0.2 0.6
0.12 0.01 0.21 0.6
0.12 0.01 0.22 0.6
0.12 0.01 0.23 0.6
0.12 0.01 0.24 0.6
0.12 0.01 0.25 0.6
0.12 0.01 0.26 0.6
0.12 0.01 0.27 0.6
0.12 0.01 0.28 0.6
0.12 0.01 0.29 0.6
0.12 0.01 0.3 0.6
0.12 0.01 0.31 0.6
0.12 0.01 0.32 0.6
0.12 0.01 0.03 0.8
0.12 0.01 0.04 0.8
0.12 0.01 0.05 0.8
0.12 0.01 0.06 0.8
0.12 0.01 0.07 0.8
0.12 0.01 0.08 0.8
0.12 0.01 0.09 0.8
0.12 0.01 0.1 0.8
0.12 0.01 0.11 0.8
0.12 0.01 0.12 0.8
0.12 0.01 0.13 0.8
0.12 0.01 0.14 0.8
0.12 0.01 0.15 0.8
0.12 0.01 0.16 0.8
0.12 0.01 0.17 0.8
0.12 0.01 0.18 0.8
0.12 0.01 0.19 0.8
0.12 0.01 0.2 0.8
0.12 0.01 0.21 0.8
0.12 0.01 0.22 0.8
0.12 0.01 0.23 0.8
0.12 0.01 0.24 0.8
0.12 0.01 0.25 0.8
0.12 0.01 0.26 0.8
0.12 0.01 0.27 0.8
0.12 0.01 0.28 0.8
0.12 0.01 0.29 0.8
0.12 0.01 0 1.0
0.12 0.01 0.01 1.0
0.12 0.01 0.02 1.0
0.12 0.01 0.03 1.0
0.12 0.01 0.04 1.0
0.12 0.01 0.05 1.0
0.12 0.01 0.06 1.0
0.12 0.01 0.07 1.0
0.12 0.01 0.08 1.0
0.12 0.01 0.09 1.0
0.12 0.01 0.1 1.0
0.12 0.01 0.11 1.0
0.12 0.01 0.12 1.0
0.12 0.01 0.13 1.0
0.12 0.01 0.14 1.0
0.12 0.01 0.15 1.0
0.12 0.01 0.16 1.0
0.12 0.01 0.17 1.0
0.12 0.01 0.18 1.0
0.12 0.01 0.19 1.0
0.12 0.01 0.2 1.0
0.12 0.01 0.21 1.0
0.12 0.01 0.22 1.0
0.12 0.01 0.23 1.0
0.12 0.01 0.24 1.0
0.12 0.01 0.25 1.0
0.12 0.01 0.26 1.0
0.12 0.01 0 1.2
0.12 0.01 0.01 1.2
0.12 0.01 0.02 1.2
0.12 0.01 0.03 1.2
0.12 0.01 0.04 1.2
0.12 0.01 0.05 1.2
0.12 0.01 0.06 1.2
0.12 0.01 0.07 1.2
0.12 0.01 0.08 1.2
0.12 0.01 0.09 1.2
0.12 0.01 0.1 1.2
0.12 0.01 0.11 1.2
0.12 0.01 0.12 1.2
0.12 0.01 0.13 1.2
0.12 0.01 0.14 1.2
0.12 0.01 0.15 1.2
0.12 0.01 0.16 1.2
0.12 0.01 0.17 1.2
0.12 0.01 0.18 1.2
0.12 0.01 0.19 1.2
0.12 0.01 0.2 1.2
0.12 0.01 0.21 1.2
0.12 0.01 0.22 1.2
0.12 0.01 0.23 1.2
